-4
-6
-6
-1
6
9
5
-6
-16
-18
-4
18
32
25
-7
-45
-58
-24
50
116
106
-38
-329
-716
-1108
-1411
-1568
-1582
-1505
-1405
-1334
-1313
-1337
-1387
-1452
-1522
-1592
-1653
-1693
-1711
-1716
-1723
-1743
-1771
-1784
-1760
-1696
-1618
-1568
-1590
-1699
-1878
-2084
-2276
-2427
-2533
-2603
-2649
-2676
-2685
-2679
-2670
-2671
-2697
-2750
-2819
-2889
-2941
-2960
-2942
-2896
-2839
-2795
-2781
-2800
-2841
-2884
-2910
-2916
-2916
-2930
-2975
-3049
-3146
-3264
-3417
-3621
-3883
-4174
-4438
-4605
-4613
-4409
-3926
-3064
-1702
226
2626
5157
7271
8361
8011
6198
3356
232
-2397
-4017
-4544
-4275
-3695
-3224
-3058
-3152
-3326
-3417
-3368
-3239
-3135
-3130
-3223
-3351
-3438
-3444
-3378
-3286
-3224
-3220
-3271
-3346
-3404
-3418
-3379
-3304
-3221
-3164
-3154
-3197
-3276
-3367
-3442
-3483
-3486
-3458
-3417
-3376
-3348
-3334
-3332
-3334
-3333
-3326
-3311
-3295
-3287
-3295
-3323
-3369
-3421
-3464
-3482
-3470
-3431
-3378
-3328
-3293
-3282
-3294
-3324
-3362
-3398
-3424
-3435
-3430
-3417
-3404
-3398
-3399
-3404
-3406
-3402
-3395
-3394
-3406
-3430
-3459
-3480
-3483
-3471
-3456
-3453
-3476
-3524
-3585
-3643
-3682
-3696
-3689
-3672
-3655
-3643
-3638
-3639
-3644
-3654
-3665
-3671
-3663
-3633
-3579
-3509
-3436
-3373
-3324
-3285
-3243
-3189
-3124
-3054
-2987
-2927
-2872
-2813
-2746
-2675
-2607
-2552
-2512
-2484
-2463
-2445
-2435
-2437
-2454
-2478
-2498
-2505
-2497
-2485
-2482
-2499
-2532
-2571
-2600
-2613
-2618
-2625
-2646
-2682
-2723
-2755
-2768
-2762
-2747
-2736
-2736
-2745
-2755
-2758
-2754
-2746
-2744
-2752
-2771
-2795
-2817
-2837
-2856
-2883
-2922
-2972
-3021
-3056
-3066
-3049
-3011
-2967
-2928
-2903
-2894
-2899
-2917
-2946
-2985
-3026
-3059
-3076
-3075
-3065
-3059
-3068
-3093
-3123
-3141
-3140
-3124
-3108
-3109
-3133
-3171
-3203
-3207
-3177
-3120
-3056
-3008
-2986
-2990
-3007
-3019
-3013
-2988
-2953
-2924
-2920
-2944
-2989
-3032
-3047
-3019
-2948
-2856
-2769
-2710
-2684
-2676
-2653
-2592
-2482
-2341
-2200
-2097
-2053
-2065
-2111
-2162
-2200
-2224
-2246
-2277
-2315
-2342
-2337
-2291
-2223
-2173
-2189
-2298
-2495
-2739
-2971
-3144
-3235
-3253
-3228
-3194
-3176
-3188
-3226
-3285
-3354
-3418
-3464
-3479
-3460
-3414
-3362
-3324
-3311
-3322
-3346
-3367
-3375
-3371
-3365
-3369
-3392
-3447
-3556
-3740
-4012
-4356
-4721
-5020
-5155
-5038
-4599
-3786
-2553
-873
1228
3621
6037
8080
9319
9424
8292
6117
3337
504
-1892
-3555
-4438
-4694
-4571
-4312
-4077
-3930
-3866
-3851
-3851
-3852
-3847
-3840
-3833
-3832
-3841
-3864
-3901
-3947
-3992
-4021
-4022
-3991
-3938
-3882
-3843
-3836
-3864
-3917
-3973
-4011
-4021
-4004
-3977
-3959
-3964
-3994
-4040
-4084
-4110
-4109
-4086
-4052
-4022
-4003
-3994
-3987
-3974
-3954
-3934
-3922
-3924
-3935
-3947
-3949
-3937
-3917
-3903
-3901
-3912
-3929
-3943
-3949
-3950
-3957
-3975
-4002
-4032
-4055
-4065
-4069
-4075
-4091
-4120
-4156
-4189
-4211
-4223
-4230
-4242
-4265
-4300
-4341
-4380
-4412
-4436
-4455
-4474
-4495
-4518
-4540
-4560
-4576
-4589
-4600
-4607
-4609
-4599
-4576
-4534
-4470
-4385
-4280
-4158
-4025
-3888
-3752
-3624
-3509
-3412
-3337
-3285
-3249
-3222
-3198
-3170
-3141
-3114
-3096
-3088
-3089
-3093
-3097
-3098
-3099
-3100
-3102
-3102
-3099
-3094
-3089
-3089
-3098
-3113
-3128
-3136
-3130
-3108
-3077
-3044
-3020
-3010
-3018
-3039
-3069
-3099
-3124
-3139
-3147
-3150
-3153
-3164
-3185
-3214
-3249
-3282
-3309
-3327
-3338
-3346
-3354
-3365
-3378
-3389
-3395
-3392
-3381
-3364
-3349
-3340
-3342
-3352
-3363
-3370
-3368
-3359
-3353
-3360
-3386
-3429
-3477
-3514
-3528
-3514
-3478
-3433
-3392
-3364
-3354
-3361
-3377
-3396
-3412
-3421
-3423
-3424
-3426
-3432
-3439
-3444
-3440
-3425
-3397
-3363
-3333
-3316
-3317
-3338
-3370
-3400
-3410
-3388
-3327
-3231
-3115
-2999
-2900
-2828
-2782
-2748
-2708
-2646
-2562
-2468
-2386
-2333
-2315
-2321
-2337
-2352
-2369
-2402
-2465
-2550
-2631
-2668
-2636
-2537
-2410
-2314
-2298
-2381
-2540
-2730
-2903
-3034
-3126
-3199
-3274
-3357
-3438
-3500
-3533
-3541
-3538
-3541
-3559
-3591
-3631
-3669
-3698
-3719
-3731
-3738
-3741
-3742
-3745
-3747
-3751
-3768
-3829
-3970
-4215
-4548
-4911
-5219
-5394
-5391
-5172
-4668
-3737
-2197
60
2912
5913
8346
9457
8774
6360
2846
-795
-3638
-5160
-5394
-4818
-4056
-3577
-3531
-3781
-4071
-4209
-4156
-4001
-3872
-3842
-3905
-4001
-4072
-4094
-4080
-4057
-4044
-4048
-4067
-4093
-4125
-4159
-4187
-4199
-4192
-4171
-4148
-4135
-4139
-4157
-4179
-4193
-4192
-4172
-4137
-4095
-4055
-4025
-4008
-3999
-3994
-3989
-3986
-3989
-4006
-4038
-4081
-4126
-4163
-4186
-4195
-4195
-4187
-4174
-4154
-4129
-4104
-4086
-4078
-4079
-4081
-4075
-4054
-4020
-3980
-3946
-3926
-3922
-3931
-3947
-3969
-3996
-4029
-4068
-4108
-4141
-4162
-4169
-4166
-4164
-4172
-4193
-4223
-4251
-4266
-4263
-4245
-4222
-4202
-4191
-4181
-4159
-4108
-4020
-3899
-3758
-3617
-3499
-3411
-3353
-3316
-3286
-3252
-3210
-3162
-3115
-3076
-3047
-3032
-3026
-3028
-3034
-3044
-3056
-3068
-3080
-3090
-3101
-3111
-3123
-3135
-3144
-3145
-3137
-3120
-3100
-3085
-3081
-3091
-3112
-3136
-3161
-3186
-3217
-3257
-3304
-3351
-3386
-3400
-3392
-3374
-3364
-3375
-3413
-3470
-3530
-3574
-3590
-3581
-3554
-3525
-3507
-3502
-3510
-3523
-3535
-3546
-3558
-3575
-3598
-3622
-3644
-3658
-3663
-3665
-3666
-3667
-3664
-3654
-3633
-3605
-3576
-3554
-3540
-3531
-3524
-3512
-3501
-3496
-3504
-3528
-3564
-3604
-3636
-3654
-3656
-3645
-3629
-3612
-3597
-3588
-3581
-3575
-3564
-3544
-3511
-3462
-3399
-3326
-3247
-3170
-3097
-3031
-2976
-2931
-2895
-2862
-2822
-2771
-2707
-2639
-2586
-2561
-2572
-2610
-2658
-2696
-2718
-2729
-2739
-2757
-2775
-2775
-2740
-2668
-2580
-2521
-2534
-2644
-2844
-3095
-3346
-3552
-3689
-3761
-3787
-3790
-3789
-3795
-3812
-3841
-3878
-3912
-3930
-3924
-3896
-3863
-3844
-3854
-3888
-3927
-3951
-3958
-3966
-4007
-4101
-4242
-4402
-4562
-4733
-4950
-5244
-5599
-5936
-6140
-6118
-5842
-5337
-4613
-3599
-2139
-97
2481
5237
7529
8637
8082
5879
2592
-868
-3614
-5125
-5406
-4891
-4165
-3682
-3598
-3800
-4054
-4181
-4141
-4010
-3902
-3883
-3943
-4024
-4071
-4068
-4034
-4003
-3999
-4021
-4050
-4067
-4062
-4037
-4001
-3962
-3931
-3913
-3911
-3925
-3947
-3972
-3992
-4005
-4008
-3999
-3976
-3942
-3901
-3861
-3834
-3824
-3833
-3851
-3869
-3875
-3867
-3851
-3834
-3824
-3825
-3835
-3844
-3845
-3836
-3818
-3800
-3792
-3798
-3815
-3833
-3841
-3832
-3806
-3776
-3754
-3749
-3761
-3780
-3794
-3795
-3786
-3772
-3765
-3768
-3780
-3794
-3806
-3812
-3809
-3801
-3788
-3771
-3753
-3741
-3740
-3753
-3778
-3806
-3828
-3832
-3813
-3769
-3703
-3620
-3525
-3425
-3330
-3247
-3180
-3131
-3093
-3056
-3014
-2963
-2905
-2852
-2812
-2794
-2797
-2815
-2838
-2860
-2877
-2893
-2911
-2930
-2943
-2943
-2925
-2895
-2866
-2854
-2868
-2905
-2949
-2979
-2984
-2966
-2941
-2930
-2946
-2987
-3036
-3072
-3080
-3064
-3041
-3034
-3059
-3115
-3183
-3242
-3273
-3275
-3256
-3233
-3217
-3211
-3215
-3224
-3236
-3253
-3275
-3302
-3330
-3355
-3375
-3390
-3402
-3411
-3416
-3411
-3397
-3374
-3345
-3319
-3302
-3299
-3314
-3348
-3398
-3455
-3508
-3544
-3553
-3533
-3494
-3450
-3418
-3409
-3427
-3466
-3514
-3558
-3585
-3590
-3572
-3534
-3485
-3437
-3398
-3376
-3367
-3365
-3356
-3328
-3274
-3196
-3105
-3017
-2946
-2896
-2868
-2853
-2838
-2811
-2764
-2694
-2609
-2525
-2459
-2423
-2420
-2441
-2466
-2482
-2486
-2489
-2509
-2555
-2620
-2678
-2699
-2669
-2600
-2531
-2508
-2563
-2695
-2875
-3057
-3204
-3300
-3352
-3381
-3404
-3426
-3442
-3447
-3444
-3445
-3463
-3505
-3567
-3634
-3690
-3719
-3723
-3708
-3690
-3678
-3676
-3680
-3686
-3687
-3681
-3667
-3642
-3607
-3577
-3580
-3657
-3837
-4121
-4468
-4813
-5090
-5253
-5267
-5062
-4500
-3390
-1585
885
3694
6241
7811
7859
6260
3414
107
-2788
-4650
-5316
-5065
-4413
-3848
-3628
-3739
-4000
-4213
-4274
-4202
-4086
-4009
-3997
-4026
-4053
-4049
-4012
-3962
-3916
-3885
-3869
-3867
-3880
-3911
-3955
-4002
-4037
-4051
-4047
-4036
-4033
-4045
-4068
-4093
-4105
-4101
-4086
-4070
-4066
-4075
-4092
-4110
-4122
-4123
-4116
-4102
-4076
-4038
-3989
-3940
-3908
-3909
-3950
-4022
-4101
-4158
-4177
-4155
-4107
-4055
-4016
-3996
-3991
-3995
-4000
-4008
-4021
-4037
-4052
-4057
-4049
-4034
-4025
-4040
-4084
-4151
-4223
-4282
-4318
-4338
-4360
-4399
-4458
-4520
-4562
-4563
-4520
-4450
-4382
-4341
-4336
-4357
-4380
-4386
-4365
-4318
-4255
-4181
-4100
-4014
-3923
-3831
-3740
-3653
-3564
-3468
-3361
-3253
-3155
-3085
-3053
-3055
-3080
-3110
-3132
-3139
-3130
-3109
-3084
-3061
-3049
-3053
-3072
-3097
-3111
-3100
-3056
-2989
-2920
-2874
-2866
-2896
-2949
-3002
-3041
-3062
-3076
-3092
-3119
-3154
-3190
-3222
-3249
-3270
-3287
-3296
-3292
-3274
-3248
-3229
-3232
-3259
-3304
-3345
-3361
-3342
-3297
-3249
-3224
-3234
-3275
-3325
-3357
-3353
-3316
-3264
-3225
-3220
-3255
-3316
-3379
-3418
-3422
-3393
-3345
-3298
-3265
-3249
-3247
-3251
-3256
-3262
-3274
-3291
-3314
-3337
-3352
-3353
-3341
-3321
-3305
-3303
-3319
-3348
-3377
-3389
-3367
-3304
-3203
-3080
-2952
-2834
-2740
-2672
-2624
-2588
-2554
-2511
-2454
-2385
-2315
-2259
-2233
-2244
-2282
-2330
-2366
-2379
-2376
-2375
-2394
-2433
-2470
-2473
-2418
-2309
-2183
-2097
-2095
-2194
-2373
-2586
-2785
-2944
-3065
-3164
-3260
-3357
-3443
-3499
-3513
-3489
-3446
-3411
-3403
-3428
-3474
-3521
-3553
-3564
-3559
-3551
-3547
-3551
-3559
-3563
-3564
-3561
-3560
-3568
-3605
-3697
-3871
-4134
-4460
-4790
-5051
-5188
-5180
-5012
-4626
-3885
-2595
-618
1978
4820
7264
8591
8306
6373
3283
-124
-2981
-4731
-5290
-4993
-4367
-3859
-3672
-3758
-3938
-4046
-4026
-3930
-3847
-3838
-3901
-3991
-4055
-4071
-4048
-4012
-3988
-3985
-4000
-4023
-4046
-4061
-4066
-4059
-4042
-4022
-4005
-3997
-3997
-4003
-4009
-4012
-4012
-4008
-4002
-3999
-4000
-4009
-4026
-4047
-4069
-4087
-4101
-4114
-4128
-4142
-4149
-4142
-4114
-4069
-4020
-3982
-3967
-3979
-4009
-4045
-4077
-4101
-4118
-4133
-4145
-4155
-4157
-4149
-4132
-4110
-4085
-4059
-4032
-4005
-3982
-3970
-3974
-3998
-4037
-4079
-4115
-4140
-4157
-4175
-4204
-4245
-4293
-4336
-4365
-4377
-4378
-4376
-4380
-4392
-4405
-4414
-4414
-4404
-4385
-4358
-4314
-4244
-4139
-3997
-3831
-3663
-3515
-3401
-3319
-3255
-3193
-3122
-3045
-2974
-2921
-2897
-2898
-2913
-2930
-2936
-2927
-2906
-2880
-2855
-2837
-2827
-2823
-2821
-2814
-2800
-2781
-2760
-2745
-2739
-2747
-2768
-2800
-2838
-2876
-2907
-2929
-2938
-2939
-2938
-2941
-2951
-2968
-2988
-3009
-3031
-3058
-3092
-3129
-3163
-3183
-3185
-3170
-3149
-3135
-3139
-3163
-3195
-3221
-3229
-3214
-3185
-3157
-3145
-3157
-3189
-3228
-3260
-3277
-3279
-3272
-3265
-3265
-3270
-3276
-3275
-3263
-3242
-3217
-3194
-3179
-3175
-3179
-3189
-3201
-3214
-3226
-3239
-3252
-3266
-3277
-3285
-3287
-3280
-3265
-3243
-3220
-3203
-3198
-3203
-3213
-3219
-3213
-3194
-3166
-3134
-3099
-3059
-3004
-2929
-2836
-2736
-2646
-2577
-2532
-2499
-2461
-2402
-2319
-2225
-2139
-2082
-2063
-2081
-2121
-2169
-2216
-2261
-2307
-2352
-2385
-2390
-2355
-2286
-2210
-2168
-2200
-2321
-2517
-2744
-2952
-3102
-3181
-3205
-3206
-3215
-3247
-3300
-3356
-3394
-3399
-3374
-3333
-3297
-3285
-3301
-3336
-3377
-3408
-3423
-3423
-3416
-3412
-3415
-3424
-3434
-3441
-3445
-3461
-3518
-3652
-3893
-4236
-4629
-4985
-5207
-5224
-4997
-4499
-3667
-2393
-561
1839
4593
7224
9078
9556
8377
5746
2327
-1000
-3474
-4728
-4872
-4362
-3741
-3381
-3381
-3606
-3842
-3938
-3877
-3745
-3646
-3637
-3700
-3782
-3831
-3832
-3805
-3783
-3788
-3821
-3870
-3914
-3945
-3960
-3960
-3951
-3939
-3929
-3924
-3926
-3935
-3947
-3957
-3959
-3949
-3926
-3894
-3859
-3829
-3808
-3795
-3787
-3777
-3763
-3748
-3735
-3730
-3736
-3750
-3767
-3784
-3796
-3804
-3810
-3814
-3818
-3821
-3825
-3829
-3836
-3843
-3847
-3844
-3835
-3820
-3806
-3794
-3784
-3772
-3752
-3721
-3685
-3658
-3654
-3678
-3728
-3786
-3831
-3847
-3831
-3799
-3772
-3770
-3798
-3846
-3890
-3908
-3892
-3847
-3797
-3763
-3761
-3785
-3819
-3840
-3835
-3806
-3767
-3738
-3729
-3734
-3738
-3719
-3664
-3577
-3469
-3360
-3262
-3178
-3102
-3028
-2953
-2883
-2825
-2789
-2776
-2782
-2798
-2815
-2825
-2829
-2828
-2824
-2820
-2819
-2821
-2829
-2841
-2855
-2869
-2879
-2887
-2891
-2893
-2890
-2879
-2859
-2832
-2808
-2799
-2814
-2852
-2900
-2937
-2942
-2911
-2853
-2792
-2747
-2729
-2732
-2743
-2743
-2726
-2692
-2647
-2598
-2546
-2492
-2441
-2397
-2369
-2360
-2365
-2368
-2357
-2324
-2277
-2230
-2199
-2194
-2215
-2259
-2324
-2412
-2526
-2662
-2810
-2949
-3064
-3150
-3215
-3275
-3341
-3414
-3486
-3545
-3585
-3610
-3630
-3656
-3687
-3717
-3735
-3733
-3712
-3679
-3643
-3610
-3580
-3557
-3537
-3521
-3507
-3497
-3493
-3498
-3515
-3544
-3583
-3634
-3717
-3869
-4125
-4492
-4925
-5325
-5575
-5585
-5310
-4745
-3867
-2603
-853
1411
4022
6545
8357
8860
7753
5218
1899
-1329
-3706
-4870
-4946
-4401
-3780
-3447
-3483
-3737
-3987
-4088
-4029
-3900
-3803
-3790
-3841
-3905
-3942
-3946
-3937
-3934
-3946
-3960
-3959
-3934
-3897
-3868
-3864
-3892
-3945
-4006
-4052
-4070
-4054
-4014
-3967
-3926
-3902
-3893
-3890
-3886
-3876
-3867
-3869
-3890
-3929
-3977
-4019
-4039
-4030
-3996
-3952
-3914
-3893
-3890
-3899
-3907
-3907
-3895
-3873
-3849
-3831
-3822
-3825
-3836
-3852
-3869
-3884
-3898
-3909
-3916
-3916
-3910
-3896
-3882
-3873
-3877
-3892
-3914
-3930
-3933
-3918
-3892
-3868
-3858
-3869
-3900
-3943
-3987
-4026
-4057
-4082
-4100
-4109
-4105
-4086
-4052
-4012
-3974
-3943
-3922
-3907
-3894
-3877
-3857
-3835
-3807
-3771
-3720
-3654
-3581
-3512
-3460
-3429
-3410
-3388
-3348
-3287
-3214
-3144
-3092
-3066
-3062
-3076
-3103
-3142
-3190
-3241
-3278
-3287
-3257
-3194
-3116
-3051
-3016
-3018
-3048
-3088
-3123
-3145
-3152
-3153
-3156
-3164
-3180
-3196
-3207
-3209
-3202
-3193
-3197
-3225
-3286
-3371
-3463
-3536
-3571
-3561
-3522
-3477
-3451
-3457
-3492
-3538
-3577
-3594
-3590
-3571
-3546
-3523
-3507
-3497
-3495
-3499
-3510
-3523
-3532
-3532
-3521
-3501
-3482
-3476
-3488
-3516
-3548
-3571
-3575
-3561
-3543
-3537
-3554
-3593
-3640
-3678
-3700
-3705
-3706
-3713
-3727
-3735
-3722
-3679
-3613
-3542
-3490
-3468
-3475
-3495
-3514
-3523
-3528
-3538
-3560
-3597
-3640
-3682
-3714
-3738
-3752
-3758
-3755
-3739
-3709
-3670
-3631
-3604
-3595
-3602
-3615
-3618
-3598
-3553
-3493
-3436
-3402
-3401
-3435
-3488
-3540
-3575
-3587
-3584
-3581
-3589
-3613
-3642
-3663
-3666
-3647
-3619
-3596
-3591
-3607
-3636
-3663
-3674
-3663
-3629
-3580
-3526
-3479
-3451
-3447
-3468
-3506
-3545
-3571
-3575
-3560
-3539
-3527
-3530
-3542
-3544
-3517
-3450
-3351
-3242
-3147
-3082
-3047
-3028
-3005
-2963
-2897
-2813
-2721
-2633
-2563
-2522
-2520
-2557
-2621
-2688
-2733
-2742
-2722
-2702
-2712
-2770
-2861
-2947
-2985
-2953
-2866
-2766
-2707
-2725
-2821
-2972
-3138
-3287
-3408
-3505
-3586
-3654
-3700
-3716
-3700
-3668
-3647
-3664
-3725
-3819
-3914
-3982
-4007
-3992
-3960
-3932
-3926
-3942
-3971
-4002
-4027
-4046
-4070
-4121
-4228
-4415
-4683
-4996
-5289
-5479
-5492
-5274
-4783
-3961
-2735
-1032
1140
3619
6053
7952
8834
8401
6677
4023
1025
-1712
-3753
-4942
-5382
-5336
-5080
-4811
-4613
-4482
-4383
-4290
-4202
-4136
-4105
-4116
-4160
-4224
-4290
-4344
-4376
-4384
-4377
-4362
-4351
-4350
-4356
-4361
-4357
-4340
-4319
-4301
-4298
-4312
-4339
-4367
-4387
-4392
-4383
-4367
-4350
-4334
-4319
-4300
-4279
-4261
-4256
-4268
-4294
-4322
-4337
-4329
-4301
-4268
-4250
-4260
-4299
-4353
-4401
-4424
-4418
-4390
-4353
-4321
-4299
-4283
-4265
-4239
-4203
-4164
-4132
-4116
-4116
-4130
-4149
-4161
-4161
-4149
-4126
-4101
-4080
-4074
-4089
-4130
-4197
-4283
-4376
-4460
-4523
-4562
-4584
-4603
-4636
-4691
-4766
-4848
-4920
-4968
-4986
-4979
-4959
-4940
-4929
-4926
-4921
-4908
-4876
-4826
-4763
-4694
-4622
-4548
-4470
-4386
-4296
-4201
-4103
-4004
-3901
-3797
-3695
-3602
-3522
-3456
-3399
-3342
-3279
-3209
-3140
-3083
-3049
-3039
-3049
-3069
-3093
-3116
-3139
-3162
-3185
-3202
-3208
-3201
-3186
-3170
-3162
-3166
-3181
-3202
-3222
-3238
-3247
-3248
-3245
-3238
-3234
-3234
-3241
-3252
-3261
-3264
-3257
-3245
-3237
-3243
-3269
-3314
-3368
-3420
-3460
-3484
-3491
-3487
-3477
-3463
-3447
-3430
-3414
-3399
-3388
-3382
-3380
-3383
-3390
-3400
-3414
-3429
-3439
-3441
-3434
-3423
-3419
-3433
-3468
-3520
-3572
-3607
-3614
-3593
-3558
-3525
-3508
-3508
-3521
-3533
-3538
-3531
-3519
-3507
-3504
-3508
-3513
-3511
-3496
-3472
-3451
-3447
-3470
-3513
-3555
-3568
-3527
-3432
-3300
-3166
-3057
-2990
-2955
-2932
-2896
-2837
-2757
-2673
-2603
-2560
-2544
-2548
-2556
-2559
-2554
-2551
-2566
-2610
-2681
-2759
-2812
-2812
-2750
-2645
-2541
-2489
-2520
-2636
-2809
-2994
-3157
-3283
-3379
-3463
-3546
-3627
-3690
-3723
-3720
-3689
-3646
-3611
-3594
-3600
-3620
-3647
-3670
-3685
-3692
-3692
-3693
-3703
-3729
-3769
-3816
-3857
-3879
-3880
-3882
-3929
-4073
-4342
-4717
-5127
-5465
-5632
-5567
-5244
-4633
-3657
-2195
-160
2385
5117
7468
8776
8549
6702
3652
187
-2830
-4785
-5521
-5314
-4677
-4094
-3822
-3862
-4050
-4209
-4251
-4199
-4132
-4111
-4144
-4195
-4224
-4214
-4178
-4142
-4121
-4112
-4102
-4077
-4036
-3992
-3958
-3942
-3944
-3955
-3970
-3983
-3993
-4000
-4004
-4005
-4004
-4004
-4009
-4021
-4038
-4053
-4058
-4051
-4035
-4021
-4019
-4037
-4067
-4097
-4109
-4098
-4069
-4037
-4015
-4011
-4017
-4021
-4011
-3984
-3950
-3925
-3919
-3938
-3974
-4018
-4056
-4083
-4095
-4091
-4075
-4054
-4038
-4036
-4053
-4084
-4118
-4141
-4146
-4137
-4126
-4125
-4136
-4152
-4164
-4162
-4148
-4133
-4128
-4138
-4157
-4175
-4184
-4181
-4175
-4174
-4183
-4195
-4196
-4170
-4109
-4017
-3906
-3792
-3686
-3591
-3505
-3423
-3342
-3265
-3199
-3150
-3118
-3098
-3081
-3057
-3021
-2976
-2926
-2882
-2849
-2828
-2815
-2808
-2802
-2800
-2805
-2821
-2846
-2874
-2897
-2911
-2915
-2915
-2916
-2926
-2942
-2959
-2972
-2976
-2971
-2963
-2959
-2964
-2980
-3003
-3027
-3049
-3066
-3079
-3091
-3105
-3122
-3144
-3167
-3191
-3212
-3228
-3239
-3243
-3245
-3247
-3255
-3273
-3300
-3329
-3350
-3354
-3340
-3317
-3295
-3287
-3298
-3324
-3357
-3385
-3405
-3416
-3421
-3424
-3426
-3424
-3417
-3402
-3383
-3363
-3346
-3334
-3327
-3321
-3313
-3303
-3290
-3277
-3266
-3257
-3249
-3239
-3228
-3221
-3221
-3231
-3248
-3263
-3266
-3255
-3234
-3215
-3209
-3221
-3241
-3253
-3235
-3175
-3073
-2942
-2804
-2682
-2593
-2539
-2508
-2480
-2440
-2379
-2306
-2238
-2195
-2187
-2211
-2255
-2303
-2349
-2391
-2429
-2459
-2466
-2435
-2360
-2258
-2166
-2125
-2165
-2287
-2461
-2644
-2802
-2920
-3008
-3086
-3170
-3260
-3344
-3402
-3427
-3421
-3402
-3384
-3379
-3392
-3419
-3453
-3484
-3504
-3510
-3500
-3480
-3459
-3438
-3416
-3391
-3381
-3423
-3567
-3839
-4221
-4640
-4997
-5208
-5226
-5018
-4516
-3579
-2027
234
3058
5973
8260
9192
8356
5881
2437
-1013
-3602
-4891
-4982
-4377
-3679
-3300
-3334
-3616
-3893
-4001
-3932
-3788
-3691
-3695
-3775
-3865
-3916
-3918
-3897
-3881
-3885
-3901
-3915
-3920
-3920
-3923
-3931
-3938
-3934
-3917
-3890
-3863
-3844
-3837
-3838
-3839
-3836
-3830
-3824
-3826
-3838
-3854
-3863
-3854
-3827
-3790
-3760
-3751
-3767
-3799
-3828
-3837
-3819
-3778
-3730
-3689
-3667
-3663
-3673
-3688
-3699
-3706
-3708
-3710
-3718
-3733
-3753
-3771
-3781
-3780
-3770
-3760
-3756
-3762
-3775
-3786
-3787
-3775
-3756
-3744
-3747
-3768
-3799
-3830
-3849
-3852
-3844
-3832
-3822
-3814
-3806
-3794
-3778
-3761
-3748
-3734
-3713
-3672
-3603
-3507
-3399
-3299
-3230
-3201
-3204
-3215
-3207
-3160
-3071
-2957
-2847
-2765
-2719
-2701
-2690
-2673
-2648
-2626
-2624
-2653
-2704
-2760
-2797
-2806
-2789
-2760
-2736
-2726
-2728
-2737
-2744
-2749
-2756
-2769
-2786
-2805
-2817
-2817
-2806
-2786
-2766
-2753
-2753
-2770
-2803
-2850
-2902
-2948
-2975
-2980
-2965
-2939
-2919
-2917
-2940
-2981
-3031
-3076
-3105
-3118
-3118
-3116
-3117
-3126
-3139
-3152
-3157
-3149
-3128
-3099
-3070
-3050
-3044
-3054
-3076
-3103
-3126
-3141
-3145
-3142
-3135
-3130
-3130
-3139
-3153
-3166
-3170
-3154
-3114
-3052
-2983
-2926
-2901
-2916
-2966
-3032
-3088
-3113
-3105
-3074
-3043
-3029
-3037
-3054
-3053
-3011
-2919
-2788
-2643
-2513
-2419
-2364
-2329
-2293
-2235
-2149
-2046
-1946
-1870
-1833
-1836
-1868
-1919
-1980
-2047
-2114
-2169
-2194
-2172
-2100
-1999
-1912
-1882
-1941
-2084
-2281
-2486
-2660
-2786
-2870
-2926
-2971
-3008
-3033
-3045
-3045
-3039
-3036
-3040
-3047
-3051
-3052
-3055
-3070
-3101
-3149
-3205
-3256
-3291
-3304
-3294
-3268
-3240
-3241
-3308
-3475
-3749
-4098
-4457
-4752
-4926
-4949
-4784
-4349
-3493
-2043
81
2730
5465
7627
8557
7877
5680
2545
-680
-3202
-4583
-4848
-4397
-3755
-3322
-3235
-3397
-3604
-3697
-3635
-3489
-3361
-3317
-3353
-3418
-3459
-3455
-3421
-3390
-3393
-3435
-3500
-3561
-3594
-3594
-3570
-3540
-3522
-3524
-3540
-3553
-3548
-3517
-3470
-3421
-3387
-3374
-3380
-3395
-3412
-3427
-3446
-3471
-3501
-3528
-3546
-3552
-3552
-3557
-3572
-3598
-3622
-3629
-3608
-3556
-3484
-3411
-3356
-3328
-3329
-3350
-3385
-3425
-3469
-3515
-3555
-3581
-3585
-3564
-3528
-3488
-3460
-3447
-3445
-3442
-3434
-3425
-3428
-3456
-3511
-3580
-3641
-3677
-3684
-3674
-3661
-3657
-3662
-3667
-3662
-3641
-3610
-3577
-3546
-3519
-3487
-3445
-3387
-3317
-3241
-3165
-3092
-3025
-2964
-2908
-2858
-2813
-2771
-2729
-2684
-2635
-2586
-2543
-2515
-2505
-2511
-2526
-2538
-2542
-2535
-2527
-2527
-2546
-2585
-2638
-2694
-2742
-2774
-2789
-2790
-2780
-2767
-2755
-2751
-2758
-2777
-2802
-2826
-2841
-2843
-2836
-2823
-2811
-2806
-2812
-2831
-2866
-2915
-2975
-3036
-3085
-3113
-3115
-3100
-3082
-3073
-3082
-3105
-3133
-3153
-3162
-3160
-3152
-3145
-3139
-3132
-3125
-3120
-3123
-3139
-3165
-3192
-3205
-3191
-3148
-3089
-3036
-3011
-3023
-3063
-3110
-3137
-3131
-3094
-3048
-3019
-3023
-3056
-3100
-3129
-3135
-3122
-3107
-3103
-3110
-3112
-3085
-3014
-2905
-2779
-2663
-2576
-2517
-2473
-2424
-2357
-2277
-2198
-2138
-2108
-2105
-2121
-2146
-2175
-2214
-2271
-2344
-2423
-2485
-2508
-2485
-2427
-2366
-2335
-2363
-2455
-2599
-2771
-2942
-3092
-3206
-3276
-3300
-3284
-3243
-3196
-3165
-3163
-3194
-3247
-3305
-3354
-3387
-3409
-3432
-3460
-3495
-3529
-3553
-3561
-3552
-3532
-3506
-3484
-3483
-3531
-3654
-3863
-4145
-4456
-4741
-4946
-5026
-4921
-4526
-3684
-2234
-119
2495
5172
7276
8184
7540
5434
2409
-735
-3245
-4687
-5060
-4711
-4121
-3673
-3526
-3628
-3817
-3952
-3978
-3923
