-1450
-1450
-1450
-1450
-1450
-1450
-1450
-1450
-1200
-1350
-1450
-1500
-1600
-1550
-1600
-1750
-1800
-1850
-1700
-1550
-1750
-1800
-1900
-1800
-1550
-1350
-1550
-1900
-2050
-2350
-2250
-2450
-2500
-2600
-2750
-2750
-2750
-2650
-2550
-2650
-2750
-2900
-2900
-2900
-2900
-2850
-2950
-3050
-2850
-2750
-2750
-2800
-2850
-3050
-2900
-3000
-2800
-2900
-3000
-3150
-3200
-3350
-3600
-3850
-3850
-4050
-4550
-4850
-4850
-4250
-3300
-2200
-700
1200
3750
6200
7800
8400
7650
5200
1700
-1650
-3650
-4350
-4250
-3700
-3300
-3250
-3350
-3450
-3300
-3250
-3150
-3100
-3200
-3350
-3400
-3250
-3450
-3350
-3300
-3350
-3300
-3250
-3300
-3300
-3450
-3550
-3350
-3250
-3050
-3200
-3200
-3300
-3400
-3350
-3400
-3450
-3550
-3550
-3400
-3300
-3300
-3300
-3400
-3500
-3250
-3250
-3300
-3300
-3350
-3350
-3400
-3300
-3400
-3500
-3550
-3500
-3450
-3300
-3200
-3350
-3300
-3450
-3300
-3350
-3350
-3450
-3450
-3550
-3400
-3400
-3350
-3300
-3500
-3500
-3450
-3350
-3350
-3350
-3500
-3550
-3550
-3450
-3450
-3350
-3500
-3600
-3600
-3600
-3650
-3600
-3700
-3850
-3700
-3600
-3550
-3600
-3750
-3750
-3650
-3650
-3600
-3600
-3650
-3700
-3550
-3300
-3250
-3250
-3350
-3400
-3150
-3000
-3000
-2900
-2950
-2900
-2850
-2750
-2550
-2500
-2500
-2650
-2550
-2450
-2300
-2450
-2450
-2550
-2550
-2400
-2500
-2550
-2450
-2550
-2500
-2500
-2650
-2600
-2600
-2650
-2700
-2650
-2600
-2750
-2800
-2900
-2750
-2700
-2600
-2800
-2800
-2850
-2750
-2750
-2650
-2700
-2850
-2900
-2800
-2750
-2850
-2800
-3000
-3000
-3050
-2950
-3000
-3100
-3100
-3050
-2950
-2850
-2850
-2900
-2950
-3100
-2900
-2950
-3000
-3050
-3100
-3250
-3100
-3000
-2900
-3100
-3250
-3300
-3150
-3000
-3050
-3100
-3200
-3300
-3250
-3150
-3100
-3050
-3050
-3100
-3000
-3050
-2900
-3000
-3000
-3050
-3050
-2900
-2800
-2950
-3050
-3150
-3050
-2950
-2900
-2800
-2700
-2750
-2750
-2700
-2500
-2500
-2550
-2250
-2200
-2050
-2000
-2050
-2150
-2300
-2200
-2250
-2250
-2250
-2300
-2350
-2400
-2350
-2200
-2100
-2050
-2450
-2850
-2850
-3000
-3100
-3300
-3300
-3250
-3150
-3200
-3150
-3250
-3400
-3450
-3400
-3400
-3500
-3450
-3550
-3300
-3350
-3300
-3200
-3450
-3550
-3400
-3300
-3250
-3300
-3500
-3650
-3600
-3800
-4250
-4450
-4750
-5100
-5350
-5050
-4150
-3000
-1600
-150
2350
4900
7200
8750
9400
9050
7550
4900
1650
-1100
-2700
-3900
-4500
-4750
-4550
-4250
-3900
-3900
-3850
-3900
-3800
-3800
-3800
-3950
-3850
-3850
-3850
-3750
-3950
-4100
-4100
-4000
-3950
-3900
-4050
-3950
-3850
-3750
-3900
-3900
-4050
-4100
-4100
-3900
-3900
-3950
-4050
-4150
-4000
-4100
-4050
-4100
-4150
-4100
-4000
-4000
-3950
-3900
-4050
-4100
-3900
-3900
-3850
-3850
-4100
-4050
-3950
-3900
-3750
-3900
-3950
-4100
-4000
-3900
-3900
-3850
-4050
-4150
-4150
-4000
-3950
-4050
-4150
-4200
-4200
-4100
-4150
-4250
-4200
-4350
-4300
-4300
-4200
-4300
-4500
-4550
-4500
-4350
-4450
-4500
-4550
-4700
-4600
-4550
-4500
-4550
-4700
-4750
-4600
-4500
-4450
-4400
-4350
-4400
-4100
-3950
-3700
-3650
-3600
-3650
-3400
-3250
-3150
-3200
-3300
-3300
-3200
-3100
-3000
-3000
-3200
-3200
-3150
-3050
-3050
-2950
-3200
-3300
-3050
-3100
-3000
-3000
-3200
-3250
-3100
-3050
-3150
-3050
-3150
-3150
-3100
-2950
-2900
-3050
-3100
-3200
-3150
-3000
-3150
-3150
-3150
-3300
-3150
-3200
-3150
-3250
-3350
-3400
-3350
-3350
-3300
-3250
-3450
-3500
-3450
-3350
-3300
-3300
-3450
-3450
-3450
-3200
-3300
-3350
-3400
-3550
-3350
-3300
-3300
-3350
-3550
-3600
-3550
-3500
-3400
-3450
-3450
-3450
-3450
-3300
-3300
-3350
-3450
-3500
-3500
-3400
-3300
-3450
-3450
-3550
-3500
-3400
-3300
-3400
-3400
-3400
-3300
-3350
-3300
-3350
-3450
-3450
-3400
-3300
-3150
-2950
-3000
-2950
-2850
-2750
-2650
-2650
-2650
-2550
-2500
-2400
-2250
-2150
-2400
-2450
-2400
-2450
-2350
-2450
-2500
-2750
-2750
-2650
-2500
-2250
-2200
-2300
-2650
-2700
-2800
-2850
-3050
-3200
-3400
-3300
-3350
-3350
-3550
-3700
-3600
-3450
-3500
-3550
-3650
-3750
-3800
-3700
-3650
-3650
-3800
-3850
-3800
-3750
-3550
-3700
-3900
-4050
-4100
-4350
-4650
-4900
-5200
-5550
-5700
-5250
-4050
-2500
-900
1200
4100
6900
8850
9600
8500
5200
500
-3200
-5000
-5050
-4450
-4150
-3950
-3900
-3950
-3900
-3950
-4050
-3950
-4050
-3900
-3950
-3950
-4100
-4050
-4000
-4000
-4150
-4050
-4200
-4150
-4050
-4050
-4200
-4200
-4350
-4200
-4100
-4100
-4050
-4250
-4300
-4200
-4150
-4100
-4100
-4250
-4200
-4000
-3950
-4000
-4000
-3950
-4150
-4050
-3900
-4000
-4000
-4150
-4250
-4250
-4150
-4150
-4100
-4250
-4250
-4200
-4150
-4000
-4000
-4100
-4250
-4100
-4050
-3950
-4000
-4000
-4050
-3850
-4000
-3900
-3900
-4000
-4150
-4050
-4050
-4100
-4150
-4200
-4200
-4250
-4150
-4150
-4100
-4350
-4300
-4350
-4200
-4200
-4200
-4200
-4250
-4250
-4150
-3950
-3950
-3900
-3750
-3600
-3400
-3350
-3300
-3350
-3350
-3250
-3200
-3050
-3050
-3150
-3100
-3050
-3000
-3000
-3000
-3100
-3100
-3100
-3150
-3000
-3050
-3150
-3200
-3250
-3100
-3050
-3050
-3200
-3250
-3050
-3100
-2950
-3100
-3250
-3300
-3200
-3200
-3200
-3250
-3500
-3500
-3400
-3350
-3300
-3350
-3400
-3600
-3500
-3500
-3550
-3600
-3550
-3650
-3550
-3500
-3400
-3550
-3500
-3650
-3650
-3500
-3550
-3500
-3700
-3800
-3700
-3600
-3650
-3600
-3650
-3800
-3700
-3650
-3500
-3500
-3500
-3700
-3650
-3450
-3450
-3400
-3550
-3650
-3600
-3550
-3550
-3550
-3750
-3850
-3550
-3600
-3550
-3600
-3600
-3700
-3600
-3450
-3550
-3450
-3450
-3450
-3400
-3100
-3050
-3050
-3100
-3050
-2900
-2850
-2750
-2800
-2800
-2750
-2650
-2550
-2450
-2600
-2650
-2750
-2800
-2650
-2700
-2750
-2800
-2750
-2800
-2750
-2650
-2550
-2400
-2600
-2800
-3100
-3100
-3450
-3600
-3800
-3850
-3800
-3700
-3750
-3850
-3900
-3950
-3850
-3850
-3850
-3950
-4050
-4000
-3750
-3750
-3900
-3950
-4150
-4050
-4000
-3900
-4050
-4250
-4600
-4750
-5050
-5100
-5250
-5400
-6000
-6450
-6300
-5750
-4950
-3850
-2700
-1150
900
3700
6350
8100
8600
7700
4750
650
-3050
-5000
-5200
-4750
-4100
-3900
-3900
-4000
-4100
-4050
-3850
-3900
-3950
-4050
-4100
-4050
-4000
-3900
-3950
-4100
-4150
-4100
-3950
-4050
-4100
-4050
-4050
-4100
-3900
-3850
-3900
-3950
-4000
-4000
-4000
-3950
-3950
-4050
-4050
-4000
-3950
-3850
-3750
-3850
-3950
-3900
-3850
-3750
-3850
-3950
-3950
-3850
-3750
-3750
-3850
-3950
-3900
-3900
-3650
-3750
-3850
-3950
-3800
-3850
-3750
-3800
-3900
-3800
-3750
-3750
-3750
-3750
-3800
-3900
-3900
-3650
-3700
-3750
-3850
-3900
-3900
-3750
-3650
-3850
-3800
-3900
-3750
-3750
-3650
-3700
-3850
-3950
-3850
-3850
-3700
-3650
-3700
-3750
-3500
-3350
-3200
-3150
-3200
-3250
-3150
-2950
-2850
-3000
-2950
-2850
-2850
-2800
-2700
-2800
-2900
-2950
-2950
-2900
-2800
-2900
-2950
-3100
-2950
-2850
-2800
-2750
-2950
-3050
-3000
-2950
-2950
-2850
-3000
-3050
-3000
-2950
-3000
-3050
-3150
-3100
-3150
-2950
-3000
-3100
-3300
-3400
-3300
-3200
-3200
-3150
-3250
-3350
-3300
-3150
-3200
-3200
-3300
-3450
-3400
-3350
-3300
-3350
-3450
-3500
-3450
-3400
-3350
-3350
-3300
-3350
-3400
-3350
-3200
-3400
-3400
-3500
-3650
-3600
-3450
-3450
-3500
-3500
-3500
-3400
-3400
-3450
-3450
-3800
-3600
-3600
-3450
-3450
-3500
-3550
-3450
-3300
-3300
-3350
-3350
-3400
-3300
-3200
-2900
-2900
-3000
-3050
-2850
-2800
-2750
-2800
-2750
-2700
-2650
-2500
-2300
-2450
-2400
-2550
-2550
-2450
-2350
-2550
-2650
-2600
-2550
-2700
-2650
-2800
-2550
-2500
-2450
-2650
-2800
-3000
-3150
-3250
-3350
-3450
-3300
-3350
-3450
-3600
-3500
-3400
-3350
-3450
-3600
-3650
-3750
-3700
-3650
-3650
-3800
-3750
-3750
-3650
-3700
-3600
-3700
-3800
-3650
-3600
-3500
-3550
-3700
-3850
-3950
-4300
-4450
-4850
-5150
-5650
-5550
-4750
-3550
-2200
-550
1850
4750
7050
8200
7800
5350
1450
-2000
-4200
-5000
-4800
-4500
-4100
-4000
-3900
-3900
-4000
-4050
-4250
-4250
-4050
-3950
-4050
-4050
-4150
-4050
-3850
-3900
-3950
-3950
-3950
-3950
-3850
-3900
-3900
-4000
-4250
-4100
-4000
-3950
-4000
-4050
-4250
-4150
-4050
-4050
-4050
-4100
-4150
-4050
-4200
-4050
-4100
-4100
-4200
-4150
-4050
-3950
-3950
-3950
-4000
-3950
-3950
-4050
-4050
-4200
-4350
-4150
-4050
-3950
-3900
-4150
-4050
-4050
-4000
-3950
-3950
-4050
-4200
-4150
-4000
-3950
-4000
-4050
-4250
-4250
-4250
-4200
-4250
-4500
-4450
-4500
-4350
-4450
-4700
-4550
-4600
-4400
-4350
-4250
-4300
-4450
-4500
-4450
-4300
-4200
-4100
-4250
-4200
-4050
-3800
-3700
-3650
-3650
-3650
-3450
-3300
-3150
-3050
-3050
-3200
-3100
-3100
-3050
-3100
-3150
-3200
-3150
-3050
-3050
-2950
-3100
-3200
-3100
-3150
-2950
-3000
-3050
-3000
-2850
-2800
-2900
-2950
-3050
-3250
-3050
-3000
-3000
-3150
-3250
-3350
-3250
-3150
-3200
-3350
-3300
-3400
-3250
-3250
-3200
-3150
-3350
-3350
-3450
-3350
-3250
-3300
-3150
-3350
-3300
-3300
-3300
-3300
-3350
-3400
-3300
-3200
-3150
-3250
-3350
-3550
-3450
-3400
-3350
-3200
-3250
-3500
-3300
-3150
-3150
-3300
-3300
-3350
-3350
-3300
-3300
-3300
-3400
-3400
-3400
-3250
-3250
-3250
-3450
-3500
-3400
-3300
-3200
-3100
-3050
-3050
-2750
-2700
-2550
-2600
-2650
-2600
-2500
-2350
-2350
-2200
-2350
-2350
-2200
-2300
-2250
-2350
-2450
-2550
-2400
-2300
-2300
-2500
-2550
-2500
-2300
-2050
-1950
-2100
-2300
-2700
-2700
-2850
-2850
-3100
-3300
-3400
-3400
-3450
-3500
-3500
-3400
-3550
-3450
-3400
-3400
-3450
-3550
-3700
-3550
-3700
-3450
-3400
-3600
-3800
-3600
-3450
-3500
-3500
-3550
-3800
-3900
-3950
-4250
-4550
-4750
-5100
-5450
-5400
-4950
-4050
-2950
-1600
400
3150
5950
8000
8850
7950
5200
1300
-2150
-4250
-5000
-4900
-4500
-4000
-3900
-3950
-3950
-4000
-3900
-3800
-3850
-3850
-4000
-4100
-4100
-3900
-3900
-4050
-4050
-4150
-4100
-3950
-3950
-4000
-4150
-4150
-4150
-4000
-3900
-3900
-4100
-4150
-4050
-3950
-3950
-3950
-4050
-4100
-4100
-4000
-3900
-3950
-4100
-4250
-4150
-4050
-4100
-4050
-4150
-4250
-4250
-4100
-3950
-3900
-4000
-4100
-4100
-4000
-3900
-4100
-4200
-4200
-4150
-4150
-4050
-4200
-4150
-4250
-4100
-4000
-4050
-4000
-4000
-4100
-4000
-3950
-3950
-4050
-4100
-4250
-4250
-4100
-4100
-4200
-4300
-4450
-4400
-4350
-4300
-4300
-4500
-4450
-4450
-4350
-4350
-4450
-4400
-4500
-4300
-4300
-4150
-4000
-4000
-3850
-3650
-3350
-3300
-3250
-3300
-3300
-3100
-2950
-2850
-2900
-2900
-3100
-2950
-2850
-2800
-3000
-2900
-2950
-2900
-2800
-2750
-2750
-2900
-2900
-2850
-2700
-2700
-2700
-2750
-2900
-2850
-2750
-2750
-2900
-2950
-3050
-2950
-2950
-2850
-2900
-3000
-3050
-3100
-2950
-3000
-3050
-3100
-3250
-3250
-3150
-3100
-3150
-3150
-3250
-3200
-3100
-3200
-3150
-3300
-3300
-3200
-3100
-3100
-3100
-3300
-3350
-3300
-3200
-3250
-3250
-3300
-3350
-3300
-3250
-3250
-3200
-3250
-3300
-3250
-3150
-3050
-3250
-3150
-3350
-3300
-3100
-3200
-3300
-3300
-3350
-3300
-3300
-3200
-3200
-3300
-3300
-3250
-3150
-3150
-3150
-3300
-3300
-3200
-3150
-3050
-3050
-2950
-3150
-3000
-2750
-2550
-2550
-2600
-2650
-2550
-2350
-2300
-2250
-2200
-2200
-2150
-2000
-2050
-2050
-2250
-2350
-2400
-2300
-2150
-2400
-2400
-2500
-2350
-2100
-2000
-2200
-2550
-2750
-2850
-3000
-3050
-3200
-3300
-3250
-3200
-3300
-3300
-3350
-3400
-3450
-3400
-3350
-3200
-3250
-3350
-3450
-3450
-3450
-3350
-3400
-3450
-3550
-3400
-3400
-3400
-3400
-3450
-3550
-3650
-3700
-4050
-4450
-4800
-4950
-5200
-5350
-5050
-4150
-2800
-1350
650
3000
5800
8100
9450
9200
7750
4450
200
-2950
-4450
-4700
-4250
-3800
-3600
-3600
-3700
-3800
-3800
-3750
-3700
-3650
-3700
-3850
-3850
-3750
-3700
-3700
-3850
-3950
-3850
-3850
-3900
-3850
-3950
-4100
-4000
-3950
-3800
-3950
-3950
-4000
-4000
-3950
-3900
-3900
-3950
-4050
-3900
-3850
-3750
-3750
-3800
-3900
-3850
-3700
-3700
-3700
-3750
-3850
-3700
-3900
-3750
-3700
-3800
-3900
-3900
-3850
-3750
-3750
-3850
-3950
-3900
-3850
-3750
-3800
-3850
-3900
-3800
-3800
-3700
-3700
-3650
-3900
-3650
-3650
-3600
-3750
-3800
-4000
-3900
-3750
-3750
-3700
-3850
-3900
-3900
-3900
-3900
-3750
-3850
-3950
-3800
-3700
-3750
-3750
-3900
-4050
-3750
-3700
-3600
-3750
-3850
-3800
-3700
-3600
-3450
-3450
-3300
-3300
-3150
-3100
-2950
-2850
-2850
-2950
-2800
-2700
-2800
-2800
-2800
-2900
-2900
-2800
-2750
-2800
-2850
-2900
-2900
-2800
-2800
-2850
-2900
-3000
-2950
-2850
-2800
-2850
-2850
-2950
-2850
-2800
-2750
-2800
-2900
-3100
-3050
-2850
-2700
-2700
-2750
-2850
-2850
-2700
-2650
-2650
-2650
-2800
-2650
-2450
-2350
-2350
-2500
-2500
-2450
-2150
-2200
-2450
-2550
-2300
-2050
-2100
-2200
-2300
-2400
-2400
-2450
-2500
-2700
-2850
-3150
-3200
-3200
-3100
-3300
-3400
-3450
-3600
-3650
-3600
-3500
-3550
-3750
-3850
-3750
-3700
-3650
-3650
-3700
-3800
-3600
-3500
-3550
-3550
-3500
-3650
-3500
-3500
-3400
-3550
-3500
-3750
-3650
-3750
-4000
-4300
-4750
-5200
-5200
-5500
-5700
-5400
-4450
-3050
-1400
250
2600
5100
7350
8450
8750
7350
4000
-250
-3350
-4800
-4700
-4150
-3750
-3650
-3850
-4000
-3800
-3900
-3750
-3850
-3950
-4050
-3900
-3800
-3850
-3850
-3950
-4000
-4050
-4000
-3900
-3900
-3950
-4000
-3900
-3850
-3900
-3850
-4100
-4200
-4050
-4100
-3900
-3900
-3900
-4000
-4000
-3900
-3750
-3800
-3950
-4000
-3900
-4000
-3900
-3950
-4100
-4150
-4050
-3850
-3850
-3800
-4000
-4000
-3950
-3900
-3800
-3750
-3950
-3950
-3850
-3800
-3750
-3850
-3900
-4000
-4000
-3850
-3800
-3950
-3900
-4000
-3950
-3850
-3800
-3850
-3950
-4050
-4000
-3900
-3800
-3800
-3850
-4050
-3950
-4000
-3900
-4000
-4050
-4250
-4200
-4050
-4000
-4050
-4050
-4150
-4000
-3900
-3800
-3850
-3950
-4050
-3900
-3700
-3700
-3700
-3850
-3700
-3550
-3450
-3400
-3350
-3400
-3550
-3350
-3250
-3100
-3050
-3050
-3200
-3150
-3100
-3050
-3050
-3300
-3250
-3450
-3250
-3150
-3150
-3050
-3100
-3100
-3000
-3050
-3050
-3150
-3200
-3250
-3150
-3050
-3150
-3250
-3250
-3300
-3150
-3150
-3100
-3300
-3400
-3350
-3300
-3450
-3550
-3650
-3700
-3450
-3400
-3400
-3450
-3600
-3650
-3600
-3600
-3450
-3550
-3650
-3500
-3600
-3500
-3400
-3450
-3550
-3700
-3500
-3500
-3500
-3450
-3500
-3550
-3600
-3450
-3550
-3500
-3600
-3700
-3550
-3550
-3500
-3550
-3600
-3900
-3850
-3600
-3600
-3700
-3700
-3900
-3750
-3700
-3500
-3400
-3450
-3600
-3600
-3500
-3500
-3350
-3600
-3650
-3650
-3600
-3600
-3650
-3750
-3850
-3850
-3650
-3700
-3750
-3700
-3750
-3650
-3550
-3550
-3600
-3650
-3700
-3600
-3500
-3400
-3450
-3400
-3500
-3450
-3500
-3600
-3500
-3600
-3700
-3600
-3600
-3550
-3600
-3750
-3750
-3700
-3500
-3550
-3600
-3650
-3750
-3700
-3650
-3600
-3550
-3600
-3600
-3500
-3400
-3450
-3450
-3550
-3600
-3600
-3650
-3450
-3550
-3500
-3600
-3550
-3600
-3450
-3350
-3300
-3300
-3100
-3050
-3000
-3050
-2950
-3050
-2850
-2750
-2650
-2550
-2550
-2600
-2650
-2550
-2550
-2600
-2800
-2900
-2800
-2700
-2550
-2750
-2900
-3200
-3000
-2950
-2700
-2650
-2700
-2850
-3000
-3100
-3150
-3200
-3500
-3700
-3650
-3650
-3650
-3700
-3700
-3700
-3800
-3600
-3750
-3750
-4000
-4200
-4050
-4000
-3850
-3800
-4000
-4150
-4050
-3950
-3950
-3950
-4100
-4300
-4400
-4550
-4900
-4850
-5200
-5700
-5750
-5250
-4200
-3050
-1900
-200
2200
4850
7150
8450
8850
7900
5600
2250
-700
-2850
-4250
-5000
-5500
-5350
-5000
-4650
-4500
-4500
-4350
-4200
-4100
-4100
-4150
-4200
-4250
-4200
-4300
-4300
-4400
-4500
-4500
-4300
-4300
-4300
-4450
-4450
-4400
-4250
-4300
-4300
-4250
-4450
-4450
-4300
-4350
-4350
-4450
-4450
-4350
-4300
-4250
-4300
-4300
-4400
-4200
-4300
-4250
-4300
-4400
-4400
-4300
-4300
-4150
-4250
-4300
-4550
-4450
-4450
-4300
-4300
-4400
-4400
-4350
-4300
-4150
-4150
-4250
-4250
-4200
-4050
-4050
-4150
-4150
-4250
-4300
-4050
-4050
-4050
-4050
-4300
-4150
-4100
-4150
-4300
-4450
-4650
-4600
-4500
-4550
-4600
-4650
-4850
-4950
-4750
-4900
-5000
-4950
-5150
-5000
-4850
-4900
-4850
-5000
-5000
-4900
-4800
-4600
-4600
-4700
-4650
-4400
-4300
-4250
-4100
-4100
-4000
-3900
-3800
-3550
-3500
-3550
-3500
-3400
-3300
-3250
-3050
-3200
-3150
-3050
-3000
-3050
-3050
-3100
-3300
-3100
-3150
-3150
-3200
-3250
-3250
-3250
-3100
-3100
-3150
-3250
-3300
-3250
-3250
-3150
-3200
-3300
-3350
-3300
-3150
-3200
-3200
-3350
-3350
-3250
-3250
-3200
-3200
-3250
-3500
-3450
-3450
-3350
-3450
-3550
-3550
-3550
-3450
-3350
-3350
-3450
-3550
-3400
-3350
-3300
-3350
-3450
-3500
-3500
-3400
-3350
-3300
-3600
-3550
-3450
-3350
-3450
-3500
-3600
-3800
-3700
-3450
-3450
-3500
-3550
-3650
-3600
-3450
-3450
-3500
-3600
-3600
-3500
-3550
-3400
-3450
-3550
-3550
-3550
-3400
-3400
-3450
-3650
-3700
-3500
-3300
-3200
-3150
-2950
-3050
-2950
-3000
-2850
-2750
-2600
-2750
-2650
-2600
-2500
-2450
-2550
-2650
-2600
-2600
-2500
-2600
-2800
-2800
-2750
-2850
-2800
-2550
-2450
-2450
-2600
-2850
-2900
-3000
-3200
-3350
-3550
-3500
-3550
-3550
-3750
-3850
-3800
-3600
-3500
-3600
-3650
-3700
-3700
-3650
-3600
-3650
-3700
-3850
-3850
-3650
-3600
-3800
-3850
-3950
-3950
-3850
-3800
-3950
-4250
-4650
-5000
-5150
-5300
-5600
-5850
-5300
-4100
-2550
-1050
1050
3550
6000
8100
8900
8300
5800
1850
-2050
-4500
-5250
-4950
-4650
-4350
-4150
-4150
-4150
-4000
-3950
-4050
-4250
-4350
-4150
-4150
-4150
-4150
-4300
-4200
-4100
-4050
-4200
-4100
-4200
-4000
-3950
-3850
-4000
-4000
-4000
-4000
-3950
-4000
-4000
-4000
-4100
-3950
-4100
-4000
-3950
-4050
-4100
-4150
-4050
-4000
-3950
-4050
-4150
-4050
-4150
-4100
-4050
-4050
-4100
-4050
-4000
-3950
-4050
-4050
-4000
-3950
-3900
-3950
-3900
-3950
-4200
-4150
-4050
-4000
-4000
-4150
-4200
-4100
-3950
-4000
-4050
-4150
-4350
-4150
-4150
-4000
-4050
-4200
-4300
-4250
-4100
-4100
-4050
-4150
-4250
-4250
-4200
-4100
-4100
-4200
-4300
-4250
-4200
-4050
-4150
-4100
-4100
-3850
-3700
-3600
-3500
-3500
-3500
-3350
-3200
-3050
-3150
-3150
-3200
-3050
-3050
-2950
-2900
-2950
-2950
-2850
-2850
-2700
-2800
-2800
-2950
-2800
-2850
-2750
-2850
-2950
-3050
-2950
-2850
-2850
-2900
-3000
-3100
-2950
-3000
-2900
-2850
-3050
-3100
-3000
-2950
-3050
-3000
-3050
-3200
-3200
-3100
-3000
-3100
-3200
-3400
-3300
-3100
-3150
-3250
-3250
-3450
-3300
-3200
-3200
-3350
-3350
-3550
-3400
-3200
-3150
-3300
-3400
-3400
-3500
-3300
-3300
-3400
-3500
-3550
-3450
-3350
-3350
-3400
-3400
-3450
-3350
-3350
-3250
-3250
-3350
-3400
-3400
-3200
-3150
-3200
-3350
-3350
-3200
-3250
-3150
-3200
-3200
-3450
-3350
-3200
-3100
-3200
-3200
-3400
-3300
-3200
-3100
-3100
-3100
-2950
-2800
-2550
-2500
-2500
-2550
-2600
-2400
-2200
-2300
-2300
-2150
-2200
-2250
-2300
-2300
-2350
-2450
-2550
-2400
-2350
-2450
-2350
-2300
-2200
-1950
-2200
-2450
-2600
-2700
-2900
-3000
-3050
-3050
-3200
-3300
-3500
-3500
-3350
-3350
-3350
-3400
-3500
-3500
-3450
-3350
-3450
-3550
-3700
-3500
-3450
-3350
-3350
-3350
-3550
-3550
-3450
-3550
-3950
-4500
-4800
-5050
-5250
-5450
-5000
-3950
-2550
-700
1450
4250
6850
8750
9250
7950
4700
200
-3250
-4700
-4850
-4100
-3650
-3550
-3650
-3800
-3850
-3800
-3700
-3700
-3750
-3850
-3950
-3850
-3800
-3850
-3750
-3900
-4050
-4050
-3900
-3850
-3850
-3900
-4100
-4000
-3900
-3850
-3850
-3950
-3900
-3950
-3800
-3750
-3800
-3850
-4000
-3850
-3800
-3750
-3800
-3950
-3950
-3850
-3750
-3700
-3650
-3850
-3950
-3850
-3850
-3700
-3750
-3700
-3750
-3750
-3700
-3550
-3650
-3800
-3750
-3700
-3800
-3650
-3700
-3750
-3900
-3800
-3750
-3800
-3700
-3750
-3800
-3850
-3850
-3700
-3750
-3750
-3800
-3800
-3800
-3800
-3750
-3900
-3950
-3850
-3850
-3750
-3750
-3850
-3850
-3900
-3700
-3650
-3650
-3750
-3850
-3500
-3450
-3250
-3250
-3300
-3250
-3250
-3150
-3150
-3150
-3000
-3000
-2850
-2700
-2650
-2600
-2750
-2850
-2650
-2550
-2500
-2700
-2800
-2850
-2850
-2800
-2700
-2700
-2700
-2850
-2800
-2750
-2700
-2650
-2750
-2900
-2850
-2850
-2750
-2700
-2800
-2950
-2800
-2700
-2700
-2750
-2850
-3000
-2950
-2900
-2950
-3000
-2900
-3050
-2950
-2900
-2950
-2900
-3100
-3200
-3150
-3150
-3000
-3050
-3150
-3300
-3200
-3050
-3150
-3050
-3150
-3250
-3100
-2950
-3000
-3050
-3100
-3250
-3150
-3150
-3050
-3050
-3250
-3200
-3200
-3100
-3050
-3200
-3200
-3200
-3100
-3050
-2900
-2850
-2900
-3050
-3100
-3000
-3000
-3100
-3150
-3150
-3100
-2950
-3000
-2950
-3150
-3100
-2900
-2650
-2400
-2550
-2400
-2500
-2250
-2250
-2150
-2100
-2000
-1950
-1950
-1800
-1750
-1800
-2050
-2150
-2100
-2100
-2100
-2100
-2150
-2250
-2100
-1800
-1700
-1850
-2400
-2550
-2550
-2700
-2750
-2850
-3000
-3000
-3150
-3050
-3000
-2950
-3000
-3150
-3100
-3100
-3000
-3000
-3050
-3150
-3250
-3200
-3200
-3200
-3250
-3400
-3350
-3250
-3150
-3200
-3450
-3700
-3950
-4250
-4450
-4650
-5100
-5300
-4850
-3700
-2350
-900
1050
3750
6550
8200
8650
7350
4500
600
-2700
-4300
-4600
-4150
-3850
-3650
-3550
-3550
-3450
-3500
-3500
-3600
-3450
-3400
-3400
-3350
-3350
-3550
-3450
-3400
-3350
-3400
-3500
-3650
-3600
-3650
-3500
-3450
-3650
-3600
-3500
-3550
-3500
-3550
-3500
-3600
-3350
-3350
-3300
-3400
-3500
-3500
-3450
-3350
-3450
-3550
-3550
-3700
-3550
-3500
-3450
-3650
-3650
-3700
-3650
-3550
-3450
-3450
-3450
-3400
-3350
-3250
-3350
-3450
-3500
-3500
-3550
-3550
-3600
-3500
-3600
-3650
-3450
-3450
-3300
-3500
-3450
-3550
-3500
-3400
-3350
-3500
-3650
-3800
-3850
-3550
-3600
-3550
-3700
-3850
-3700
-3700
-3500
-3450
-3650
-3650
-3600
-3450
-3300
-3300
-3300
-3350
-3150
-3100
-2850
-2900
-2900
-3000
-2800
-2750
-2600
-2600
-2700
-2650
-2550
-2500
-2450
-2450
-2550
-2650
-2600
-2550
-2400
-2500
-2550
-2750
-2750
-2650
-2700
-2750
-2800
-2900
-2800
-2750
-2700
-2700
-2800
-2900
-2800
-2850
-2750
-2900
-2800
-2900
-2800
-2850
-2750
-2800
-2950
-3050
-3000
-3000
-3050
-3150
-3200
-3100
-3100
-3000
-3100
-3100
-3200
-3250
-3100
-3200
-3100
-3100
-3150
-3250
-3150
-3050
-3150
-3100
-3200
-3250
-3250
-3200
-3050
-3050
-3000
-3150
-3000
-3100
-3150
-3050
-3100
-3200
-3100
-3000
-2950
-3000
-3150
-3250
-3250
-3050
-3100
-2900
-3150
-3250
-3200
-2900
-2800
-2600
-2600
-2650
-2600
-2500
-2300
-2200
-2200
-2350
-2200
-2050
-2050
-2100
-2100
-2300
-2400
-2300
-2250
-2350
-2500
-2650
-2600
-2450
-2150
-2150
-2450
-2800
-2750
-2750
-2950
-3100
-3250
-3400
-3400
-3250
-3150
-3100
-3150
-3300
-3300
-3250
-3250
-3350
-3450
-3500
-3500
-3500
-3450
-3500
-3650
-3600
-3500
-3550
-3450
-3450
-3500
-3650
-3800
-4050
-4250
-4400
-4700
-5200
-5400
-4900
-3900
-2600
-1150
850
3600
6150
7800
8350
7200
4100
300
-2550
-4150
-4700
-4650
-4350
-3950
-3750
-3700
-3750
-3750
-3900
-4000
-3800
-3850
-3850
-3850
-3850
-3700
-3700
-3600
-3800
-3800
-3850
-3700
-3700
-3650
-3750
-3850
-3900
-3900
-3850
-3850
-3950
-3900
-4000
-4050
