0.002450998437
0.001451112677
-0.000412795532
-0.003170400229
-0.004559062559
-0.002505938545
0.002709342129
0.007691257868
0.007787823860
0.000903442626
-0.009600464954
-0.015850916066
-0.010753575873
0.005525875319
0.023109555716
0.027326119727
0.009249606758
-0.024869395514
-0.052847210045
-0.047243470174
0.007550320277
0.102336623715
0.203580266049
0.268806733544
0.268806733544
0.203580266049
0.102336623715
0.007550320277
-0.047243470174
-0.052847210045
-0.024869395514
0.009249606758
0.027326119727
0.023109555716
0.005525875319
-0.010753575873
-0.015850916066
-0.009600464954
0.000903442626
0.007787823860
0.007691257868
0.002709342129
-0.002505938545
-0.004559062559
-0.003170400229
-0.000412795532
0.001451112677
0.002450998437
